100
1.975513692933839493600000000000e+20 7.830992200959482422149449121207e+06 7.984400243965540917997714132071e+06 9.116473451917545796277408953756e+06
6.288709247619244102800000000000e+19 2.777747119062420853651929064654e+06 5.539699796134571772654453525320e+06 4.773970409924640565350273391232e+06
7.172969294326831502080000000000e+20 9.522297251671522825927240774035e+07 9.161950679981389171734917908907e+07 6.357117279572499030837207101285e+07
8.041767542269903756800000000000e+20 1.630059791020509390051529408083e+05 2.428866995176861590380212874152e+06 1.372315536022366854240317479707e+06
2.182569053109069123712000000000e+21 1.297904467816721018061798531562e+07 1.088088020263432700812700204551e+07 9.989245179941064004378858953714e+07
5.242871900667842588400000000000e+19 6.126398325907051263129687868059e+07 2.960316176974538344438769854605e+07 6.375522676935338992552715353668e+07
7.699138362751872577280000000000e+20 2.925167907216562944086035713553e+06 7.713576808698678457858477486297e+06 5.267449773342136237261001951993e+06
9.190264739650425340928000000000e+21 2.833200216546064505962476687273e+05 3.524603874993697719730789685855e+05 8.077210009750361208489266573451e+05
6.632269270081198264800000000000e+19 5.259953501984430581069318577647e+07 8.605584785871440647497365716845e+06 1.922138459863882492027187254280e+07
6.309583832653976598500000000000e+18 6.417132078443088220410572830588e+06 2.002304886784948105400872009341e+06 4.577017372333902533864602446556e+07
5.397603407221661875200000000000e+19 9.022042154524880836561351316050e+05 8.509108396828701801837269158568e+05 2.666695878901180130071679741377e+05
3.928034335341320515500000000000e+18 5.125353734501031103718560189009e+06 6.677237374277643555160466348752e+06 5.316064357700608565210131928325e+06
7.385343149018168240800000000000e+19 9.308015094145555250975121452939e+05 7.209485605319418240242157480679e+05 2.842960935322105588625163363758e+05
8.800752362609259193856000000000e+21 6.878651298673532463681112858467e+05 1.659825539562337003332004314871e+05 4.401072853558710479262572334846e+05
6.866699083180492380000000000000e+19 2.289681710434355957659136038274e+07 8.933724145754852027312153950334e+07 3.503601785487723542973981238902e+07
9.239697889070816572000000000000e+19 6.573100958807218876813749375287e+05 8.586687015670221463778943871148e+05 4.395678610814684566037158219842e+05
2.158249589688260972000000000000e+19 6.842185307639907101474818773568e+06 9.109720151117359635463799349964e+06 4.824906591368428359146491857246e+06
4.319534182697317703360000000000e+20 1.476600147571628407513344427571e+07 8.810621694981865397130604833364e+07 6.410805963127893480850616469979e+07
2.261066251555954309600000000000e+19 7.860025918469374075243649713229e+05 3.074689651980647596474227611907e+05 4.470398428498776142419046664145e+05
9.068039338601771248640000000000e+20 5.564437553044224068435141816735e+07 4.165012805722582814269117079675e+07 1.696070861838029691898555029184e+07
9.350039865518938952800000000000e+19 4.954440658191933908256032736972e+06 7.604752211133098853679257445037e+06 9.847516553786155580382910557091e+06
2.322615386137094173312000000000e+21 7.497779177333776465275150258094e+05 3.686678775739420445631822076393e+05 2.941672043420681740144573268481e+05
7.934703881821922877600000000000e+19 1.523897918632736113886494422331e+07 7.321485158592411939025623723865e+07 1.254749047210854910827038111165e+07
5.215633798025377742848000000000e+21 7.452980060031568620615871623158e+06 9.501040316799115088360849767923e+07 5.252926240449206580706231761724e+06
9.674051385221096310784000000000e+21 7.978013055585656738344368932303e+05 7.326402421659395979531836928800e+05 6.565709643351601451968235778622e+05
7.823214171371988268000000000000e+18 9.348047479509535576767120801378e+05 1.349024172442544171303779876325e+06 5.202100615528961976906430209056e+06
7.555808353962287782400000000000e+19 4.614204733988303205478587187827e+07 8.196772801823923358460888266563e+07 5.733186284028793637844501063228e+07
1.254684758025540469760000000000e+21 9.999935710745502579811727628112e+07 2.043286106583045125262287911028e+07 8.899556444397764287714380770922e+07
9.230691273338482716160000000000e+20 8.705398649214236117404652759433e+07 7.232879944200765171899547567591e+06 4.161608878203415657424102391815e+05
8.196951527240198487200000000000e+19 1.631180742979564306551765184850e+05 3.916913683979144485078904835973e+05 9.130251009169300283474512980320e+05
9.964006352221596030080000000000e+20 5.794300072546339107248059008271e+06 4.525758753661112744794081663713e+06 6.873873969102929202108498429880e+06
8.776137781690870554240000000000e+20 3.042967598930726663297718914691e+05 9.922249330677131458173789724242e+05 5.769731794690023147609281295445e+05
9.253765511910321706240000000000e+20 3.542242913567577956612808520731e+04 7.478024994174928273764635378029e+05 8.332376895676226271802988776471e+05
9.835957381797934218400000000000e+19 9.794194046887291417533560888842e+05 7.438041186216456621309589536395e+05 9.033604712547352132219202758279e+05
7.699468083539730001280000000000e+20 1.639680034319903557479847222567e+07 8.300118338428865657624555751681e+07 8.889487501597265466261887922883e+07
3.168671374753430303200000000000e+19 6.294785283837557993251721200068e+05 2.291444001290655556317688024137e+05 7.006192599171154639066116942558e+05
6.511320824041646027200000000000e+19 7.416096985001055632892530411482e+06 6.330721935277218935880227945745e+07 2.236564132475692805564904119819e+07
1.132805548204484091840000000000e+21 2.800420170015977471393853193149e+06 5.461068730088087187596102012321e+06 7.192685726456704709562472999096e+06
8.476844359411320084480000000000e+20 9.443180961117610166547819972038e+07 4.509175580211549917294178158045e+07 3.363511256480976355305756442249e+07
2.338917046943175037600000000000e+19 3.449429506857015431023683049716e+06 5.984812912045577964363474166021e+06 8.332432879357482602699747076258e+06
1.825557873503099060000000000000e+19 4.819358230900134397234069183469e+07 3.049556833247943589412898290902e+07 7.120872599516897238936508074403e+07
6.376401528891363135360000000000e+20 4.139837458406177416918581002392e+06 6.959837786520043963264470221475e+06 6.739364894029555746783444192261e+06
3.283744381407156964800000000000e+19 6.091058710450299666263163089752e+06 6.271578676245211015157110523432e+06 7.307293194989676908335241023451e+06
2.572654822176627220600000000000e+19 9.209143211934020746411988511682e+06 6.847565137790127653715899214149e+06 6.531303243521966871867334702983e+06
9.374023605777892509440000000000e+20 2.604982179675915125329765942297e+05 8.773823186237782170451282581780e+05 6.861248919084218301804867223836e+05
2.887777752656385921200000000000e+19 5.766993507566997879507653124165e+05 5.932087752313860493131869588979e+05 6.665583095130211472678638529032e+05
3.578574398336268475000000000000e+19 3.296420785240226120367879047990e+07 1.897509820715740435662155505270e+07 9.843632029232517725904472172260e+07
9.189303880179908290560000000000e+21 1.882010402490096101246308535337e+06 4.364969972975244448662124341354e+06 9.586369559121705237885180395097e+06
7.742734946190721778560000000000e+20 1.211431618395118196440307656303e+07 6.857857916827981691312743350863e+07 3.838319393695145315359695814550e+07
5.480420498866783951680000000000e+20 8.619171226648631573334569111466e+07 2.035482163575118631888472009450e+07 7.936568394230465251166606321931e+07
5.761995481216346526208000000000e+21 9.096429492682863362460921052843e+06 8.739789553232631424179999157786e+06 4.981439283723758472206100123003e+06
8.489421628643489370400000000000e+19 8.645794941363174297066507278942e+05 4.923978787357176715602236072300e+05 4.636755048715388682580851309467e+05
1.390581997758979948560000000000e+20 1.804212448971813274170017393772e+06 6.841784338389393216857570223510e+06 7.275502774433488815702730789781e+06
2.219655421664777694720000000000e+21 8.381373057629206609817629214376e+05 7.242505706286380410006131569389e+05 1.782108172683808770528912646114e+05
9.318952937293310867200000000000e+20 1.382384620329606258792409789748e+06 3.604426007398170236911028041504e+06 3.248069964729070807607058668509e+06
3.349716907064298698880000000000e+20 8.368277597413061219867813633755e+06 8.181275957021759491453849477693e+06 4.960744241865353591947496170178e+06
7.254501063029514807040000000000e+20 6.088828596264763782164664007723e+07 2.589061196249553394227405078709e+07 1.512299851281004863812995608896e+07
9.114857953560938641280000000000e+20 3.635983121292291104509786237031e+06 2.882695759383198726254704524763e+06 3.313858085850755754336205427535e+06
7.617778078474932712800000000000e+19 5.835702979428605854081979487091e+06 2.654613370743001390337667544372e+06 6.587466221121288649555935990065e+06
2.078435910902189043200000000000e+20 8.830365915163413622940424829721e+07 6.256653194424270188392256386578e+07 5.177147213880943595358985476196e+07
3.260134632354664940800000000000e+21 8.299390435302386857802048325539e+07 3.943883769253067989484407007694e+07 2.443269869438707837070978712291e+07
1.360746119805027687360000000000e+20 9.848349410353510179447766859084e+05 3.382531074683775819949005381204e+05 8.975531104870969726903240371030e+05
1.146678138126934864960000000000e+21 7.832819939477683470613555982709e+07 7.743862349367788946256041526794e+07 2.936780686928164254641160368919e+07
7.079090949650430175360000000000e+20 4.916245396164522566095911315642e+05 4.491051117740285537365707568824e+06 9.864671085209928200129070319235e+06
3.828959327111467470080000000000e+20 8.651812117734380326146492734551e+07 9.391951053350723150288104079664e+06 9.955929643471443616363103501499e+06
5.342229551329383818500000000000e+18 8.091008369966545534452961874194e+05 1.317032475547057405975692745415e+05 5.151013757680783362857823703962e+04
5.896367084186695528640000000000e+20 6.920764421651212038705125451088e+07 4.425602352476766033578314818442e+07 1.191112809438386041892954381183e+07
8.887233253981561276000000000000e+19 5.950452194291515619624988175929e+06 3.619168655054171992333067464642e+06 3.042854899523604629393958020955e+06
5.961962270532716878848000000000e+21 6.097291319000886134290340123698e+06 5.257471128559010517619753954932e+06 6.189253662114089143415185390040e+06
1.696495009444884516400000000000e+19 7.008895457754065283495492622023e+04 9.883833775684274382911098655313e+04 9.237271679896290307851813849993e+05
8.782776961467590126400000000000e+19 8.267694100719779606151860207319e+07 2.908286625963570886415254790336e+07 3.571930571229749580743373371661e+07
7.782573312419733824000000000000e+20 6.591460442700602721288305474445e+06 3.632740801831584829244548018323e+05 2.574689020452582077496117562987e+06
6.124420038482369932400000000000e+19 3.081613925702211679151787393494e+05 2.210108116168026757435427498422e+05 1.980219234846171633392941657803e+05
4.011876515118347974400000000000e+19 7.822521883471174220403554500081e+05 7.194602096985691333088652754668e+05 2.003555302038039332614971499424e+05
1.547237616752850541952000000000e+21 2.310057573118719001286081038415e+05 3.857487393026931388533284916775e+05 5.328465574570895742567699926440e+05
7.374077307700215300096000000000e+21 3.802146960761706837729434482753e+06 3.821671479641201146023377077654e+06 3.054080149433692000457085669041e+06
8.097852961205809662976000000000e+21 5.523163958200429756107041612267e+07 9.195908922302451007271884009242e+07 6.859863645782361624878831207752e+07
8.439096318762327797600000000000e+19 6.458890436339579453488113358617e+07 6.004772618616696610729377425741e+05 5.329598372454447008567512966692e+07
7.188672338234574077440000000000e+21 5.185148780538912719293875852600e+06 4.007090503064050879402202554047e+06 3.621543352154005914826484513469e+06
6.857217921343267796800000000000e+19 1.528755675533885492200170119759e+06 3.289270902523238815433614945505e+05 6.356062769232850812386459438130e+05
5.709141961163441414500000000000e+18 7.003071928796142598230289877392e+05 5.678308776405664420394714397844e+05 1.127728328569194850672374741407e+03
3.413544708589811183040000000000e+20 6.553681067476516787792206741869e+07 8.575552123826122099126223474741e+07 1.811612132847445746301673352718e+07
1.862647799711044882560000000000e+20 6.533049853848225022829865338281e+05 3.132347495891207126135213911766e+05 8.850093935745740468519215937704e+05
1.911116378340458776832000000000e+21 8.289573070669724604522343724966e+07 6.756540586582964224362513050437e+07 9.041700330094520833517890423536e+07
9.324845978675803337216000000000e+21 8.689145933852619837125530466437e+05 5.473916355068815938125226239208e+05 7.389581129743522554349510755856e+05
5.525684107805455269600000000000e+19 5.514429312091705610509961843491e+07 9.334200224508092024188954383135e+07 4.944068801086517658768570981920e+07
9.952999460489023065088000000000e+21 8.141387230051187154003855539486e+06 5.944972669634901730660203611478e+06 6.572009020890328262794355396181e+06
7.593235907886752400640000000000e+20 8.743093818726084377703955397010e+07 5.891566847396588703122688457370e+07 6.377709687840012708329595625401e+07
1.669546077805359907072000000000e+21 2.627845753485529156705524655990e+06 6.043787701899952193343779072165e+06 4.705642092485474566728953504935e+06
6.119807221051215329280000000000e+20 8.730213399361880161450244486332e+07 6.644144098555981618846999481320e+07 4.124825966573887145932530984282e+07
3.296339653104701783400000000000e+19 5.385565089805697220072033815086e+06 1.483419406567171707479246833827e+06 5.790215031678410776294185779989e+06
4.898100017988169519104000000000e+21 8.326090932109405672963475808501e+07 5.150490810691966661397600546479e+07 1.126479404570725376561313169077e+07
4.521223872211399985664000000000e+21 8.143554146587786777899964363314e+05 3.846592917246903644752364925807e+05 6.376573541472952657045425439719e+05
7.175967491779461582080000000000e+20 2.470369435099193934917138903984e+05 4.067666515312081425861379102571e+05 1.745678895468294405723952422704e+04
9.951648479305044148000000000000e+19 5.826822512608757522684754803777e+07 4.467425218063099509527091868222e+07 4.773614227193605195498093962669e+07
2.197878357115144787360000000000e+20 6.407744399516927887816564179957e+05 5.972798219439022072947409469634e+05 2.226027946992404345820659727906e+05
8.505864459325495730176000000000e+21 7.379385149044623993177083320916e+06 4.628522494696003138415107969195e+06 4.385617976650758731921087019145e+06
5.367424942258477216400000000000e+19 8.990861433474700308579485863447e+06 7.670136701790039149273070506752e+06 3.335692320210304288139013806358e+06
9.672769293967991899520000000000e+20 9.497976261728300968343319254927e+05 4.661698486794112373559073603246e+05 8.843178903315070014059529057704e+05
2.575853645138374226176000000000e+21 7.802070143809473612463989411481e+05 7.664475970745308500795545114670e+05 9.047815082151355874202636186965e+05
